Question 2
The true median is: 0.5776226504666211
The median MLE is: 0.33640786437394693
The samples:[0.025874273041479337, 0.061010521610564465, 0.25981360321769253, 0.37531090034837533, 1.0269057585562666, 1.1630886891156629]

Question 3
n = 25
The median MLE is: 0.6845131720181218
The samples:[0.07426692333448935, 0.11891256202613568, 0.22000947206296306, 0.2358797944817211, 0.28998020095111954, 0.34628935723751875, 0.49581924575162717, 0.52204051158779, 0.5804041381067644, 0.6581091279808697, 0.7509233698393695, 0.8558112828232705, 0.8827322226694417, 0.9542246722826488, 1.0202066300820178, 1.0618727932787473, 1.105216593827173, 1.1245698529008084, 1.1368062234870326, 1.3019134122351586, 1.3830453480169955, 1.472129340737928, 1.9705422820411187, 2.8664625462931212, 3.2604260633071203]

n = 50
The median MLE is: 0.5624737073456703
The samples:[0.0003303596158298582, 0.011536092578786801, 0.04814809137220689, 0.13168588197322134, 0.1460873162727361, 0.15830737677870363, 0.1808234241543882, 0.1926839079859018, 0.20839008868840317, 0.2184074799397055, 0.2317576599270793, 0.24663622222722528, 0.26264871852995075, 0.27148700420854843, 0.27746461455921273, 0.28629789625330243, 0.3145643365857554, 0.33998101543525, 0.35958237775490226, 0.36540276723965115, 0.3891354740352237, 0.45689991318582723, 0.49023410873098056, 0.5106347382557175, 0.5347221280286953, 0.5574598085175307, 0.5787307424788748, 0.6105573913876023, 0.6185347866205537, 0.658842922970312, 0.6735607624746387, 0.7132168198898907, 0.7732291751499325, 0.7760616414532857, 0.8341133745102464, 0.8908269262986195, 0.9116048111112817, 0.9145963894876873, 0.9378073151407412, 1.088650146643169, 1.1455228897789582, 1.253095990850338, 1.38251696958139, 1.4752804547003389, 1.5498485346811548, 2.381559134965069, 2.841316199257295, 3.013041682714379, 3.390452449507556, 3.9696250964133792]

n = 100
The median MLE is: 0.6075537305801957
The samples:[0.004857903337700644, 0.004918656890140308, 0.006787260244670481, 0.013259296386902073, 0.01555550270918402, 0.027710601296438205, 0.030840290669251737, 0.03708806532943212, 0.0372128971442163, 0.043223951104536786, 0.04727585637360054, 0.09009036929213066, 0.0978620812510994, 0.10432019848219543, 0.10552935019879561, 0.10632427533874896, 0.10880105657839534, 0.11237216477402395, 0.12771595518487894, 0.12786099508199325, 0.1967433846930494, 0.2040758443622135, 0.20870589390513103, 0.20965107166539937, 0.2175178586112087, 0.226164805210129, 0.2298361713928147, 0.2515031992126359, 0.2643444342706018, 0.2667769258891918, 0.2902974916570285, 0.3120230767462382, 0.3134171442144724, 0.34081724934542085, 0.3410783438619232, 0.3563566882737373, 0.3711176180333863, 0.37126237386023186, 0.3865623553409694, 0.42993510984513383, 0.43628669849398777, 0.4440673544160905, 0.4583795989562414, 0.47492460225316524, 0.480688828231479, 0.49763275989843686, 0.5096540615690991, 0.539807710929319, 0.5410726045490003, 0.5413792367061702, 0.5476567808498384, 0.5483561648437713, 0.5815219304799059, 0.5911763501662719, 0.5932684648908171, 0.6012357610695362, 0.6218285940630507, 0.6235913313252122, 0.6894005957741477, 0.6897459527538906, 0.7290785179998738, 0.7674180193936331, 0.8052123639229501, 0.8311378775354619, 0.8581440630284484, 0.8691364673551083, 0.9362659608847276, 0.9598459857493901, 0.9826116919389607, 0.989446134415562, 1.1664207567829545, 1.1852698655954175, 1.1870471317167568, 1.1873590496371198, 1.1937476205456259, 1.2031287737541194, 1.244064055473446, 1.319726522665292, 1.3654775013603055, 1.382196109302902, 1.4496317611612528, 1.4676914759051014, 1.5443599524270537, 1.567887595200864, 1.7060903697661212, 1.8223727639839509, 1.916584328428903, 1.9513104527294065, 1.9618957741722065, 1.9954731202218723, 2.0177797985641717, 2.1808164344078054, 2.423685329088552, 2.9245680080911742, 3.0987452885083555, 3.1350191022326164, 3.2144199289675184, 3.926730927671118, 3.9941101164329385, 4.140099270866055]

Question 7
n = 10
The Theta MLE is: 1.8916039065976777
The samples:[0.1321756977245908, 0.29513086133743194, 0.5370153426990318, 0.5999243623181725, 0.7092737147000081, 1.0868510102039384, 1.1386472672249819, 1.7425565608468858, 1.856711959205402, 2.4747512314548596]

n = 30
The Theta MLE is: 2.4902490614918222
The samples:[0.13109791398123571, 0.14477804433151892, 0.2354371709115597, 0.2586857411207106, 0.3430280203465774, 0.3437340835611988, 0.37129784416799605, 0.42322305885623324, 0.4392530251896627, 0.47096420496886915, 0.4757863618971666, 0.4972101000094167, 0.5205361089022424, 0.5453891065011918, 0.5771745643705548, 0.6741512261882701, 0.7040548282658308, 0.7096289709569763, 0.757863757823253, 0.7823842893548947, 0.8248174719323849, 0.8807322148286814, 0.9398273023419448, 1.0519145513861166, 1.0914299177162348, 1.137488093534596, 1.3525689151731148, 1.601738583849539, 2.8856263451332875, 2.9221537319994173]

n = 50
The Theta MLE is: 1.9795473338385616
The samples:[0.040000237565425006, 0.11559247860824348, 0.15782884763112132, 0.18570112160337326, 0.2026281228195892, 0.24517042274117412, 0.3061021104264343, 0.3260608564880331, 0.3269898207438094, 0.38467380287954955, 0.4248207331611842, 0.43197818183075987, 0.5149146049023513, 0.5167329174149224, 0.5507577233460694, 0.5637465506296002, 0.6181701563062745, 0.6315567476815465, 0.6365406522019302, 0.6658679809959369, 0.7491599196012892, 0.8039245842682546, 0.8369958481557325, 0.8466688169149877, 0.8494336573196299, 0.9294689941425145, 0.9325877597306667, 0.9353160327201586, 0.9450361594903143, 0.9744333699682528, 0.9765381256065022, 1.0227487660546748, 1.074015201273496, 1.1159000009297013, 1.1444961419767274, 1.235883676259132, 1.239597655642996, 1.2753487425913967, 1.2920323121730486, 1.3491516597823998, 1.460930695915443, 1.509076446683636, 1.6006706992305098, 1.715446939983728, 1.8465960892235738, 1.8677549255599313, 2.1333788280800348, 2.892696008571707, 3.2746722241404793, 3.8408052213740618]

Question 11
sample mean = -0.15488162730090613
The CI is: [-0.2830367873009061, -0.026726467300906137]
Does lie in CI:False

n = 25
mu = 0
# mu not in CI: 4

n = 50
mu = 4
# mu not in CI: 10

