Expected value Standard Deviation
88.2934248982461 36.4951501629494
70.7214078556625 8.78178090232529
110.721604168298 12.8462866155918
132.728681136333 15.6190001973469
25.6217429937799 3.51028388597347
365.195404854573 55.6439688303647
165.242770204858 17.5292812303321
34.4972228721523 4.90673800622719
181.774535109379 24.2224828073627
54.4954127838439 13.0055946519802
26.2974675326142 3.36741272403772
208.604818461295 21.5480054679443
143.496838747908 19.5200165679898
47.1232444784511 6.6539333898024
